"2017/07  Daily Trading Value/Volume of 2330 "
"Date","Trade Volume","Trade Value","Opening Price","Highest Price","Lowest Price","Closing Price","Change","Transaction",
"2017/07/03","21,066,605","4,382,736,445","207.50","209.00","207.00","209.00","+0.50","7,037",
"2017/07/04","21,592,272","4,476,915,676","208.00","208.50","207.00","207.00","-2.00","8,990",
"2017/07/05","23,463,030","4,868,199,460","207.00","208.50","206.50","208.50","+1.50","7,278",
"2017/07/06","15,260,726","3,166,474,008","208.00","208.50","207.00","207.50","-1.00","4,473",
"2017/07/07","21,567,705","4,449,245,335","207.00","207.50","205.50","206.00","-1.50","8,234",
"2017/07/10","13,326,526","2,749,724,552","206.50","207.00","206.00","206.00"," 0.00","5,812",
"2017/07/11","34,593,975","7,275,696,778","208.00","212.00","207.50","212.00","+6.00","11,217",
"2017/07/12","26,887,728","5,690,155,100","211.00","212.50","210.50","210.50","-1.50","9,582",
"2017/07/13","50,136,849","10,735,533,186","212.00","216.00","211.50","214.50","+4.00","16,903",
"2017/07/14","22,364,167","4,773,890,099","213.00","214.50","212.00","213.00","-1.50","9,330",
"2017/07/17","21,400,126","4,566,620,338","215.00","215.50","211.50","213.00"," 0.00","8,537",
"2017/07/18","18,756,453","3,998,545,790","213.00","214.00","212.00","214.00","+1.00","8,905",
"2017/07/19","20,661,381","4,428,023,668","212.50","215.00","212.50","214.50","+0.50","11,699",
"2017/07/20","20,795,770","4,468,108,550","215.00","215.50","214.00","215.50","+1.00","8,261",
"2017/07/21","15,422,136","3,302,914,894","214.00","215.00","213.50","214.00","-1.50","7,558",
"2017/07/24","20,002,702","4,279,712,228","213.50","214.50","213.00","214.50","+0.50","6,805",
"2017/07/25","13,853,196","2,965,264,666","214.00","214.50","213.50","214.00","-0.50","4,836",
"2017/07/26","15,900,563","3,393,269,119","215.00","215.00","212.50","213.00","-1.00","5,219",
"2017/07/27","23,045,021","4,959,471,015","213.50","216.00","213.50","215.50","+2.50","9,138",
"2017/07/28","21,121,133","4,498,197,191","213.00","214.00","212.50","213.00","-2.50","7,997",
"2017/07/31","20,363,314","4,352,541,276","211.50","214.50","211.50","214.50","+1.50","6,039",
"Remarks:"
" Symbols for Direction:+/-/ X represent Up/Down/Not compared.
"
"Today statistics cover regular trading, Odd-lot, After-hour Fixed Price, Block trading, but exclude Auction and Tender offers."
"If the last digit of the 6 digit alphanumeric ETF security code is K, M, S or C, it is traded in foreign currency."

