"2017/03  Daily Trading Value/Volume of 2330 "
"Date","Trade Volume","Trade Value","Opening Price","Highest Price","Lowest Price","Closing Price","Change","Transaction",
"2017/03/01","48,263,273","9,041,728,541","188.50","188.50","186.00","186.00","-3.00","12,019",
"2017/03/02","40,879,671","7,603,470,296","188.00","188.50","185.00","186.00"," 0.00","12,567",
"2017/03/03","28,213,610","5,199,920,850","184.50","185.00","184.00","184.00","-2.00","11,570",
"2017/03/06","12,633,329","2,321,087,036","184.00","184.50","183.50","183.50","-0.50","5,831",
"2017/03/07","22,816,387","4,214,029,230","184.00","185.50","184.00","185.50","+2.00","5,824",
"2017/03/08","38,657,077","7,217,763,409","186.00","188.00","185.50","187.00","+1.50","9,614",
"2017/03/09","31,119,469","5,750,011,305","185.50","186.00","184.00","184.50","-2.50","12,394",
"2017/03/10","24,886,297","4,569,391,905","184.00","184.50","183.00","183.50","-1.00","10,065",
"2017/03/13","11,025,355","2,048,482,530","185.00","186.50","185.00","186.50","+3.00","4,141",
"2017/03/14","24,373,221","4,564,713,486","188.00","188.00","186.00","186.00","-0.50","7,773",
"2017/03/15","14,147,168","2,634,475,248","185.50","187.00","185.50","186.50","+0.50","4,952",
"2017/03/16","32,452,964","6,143,253,446","188.00","190.00","188.00","190.00","+3.50","15,071",
"2017/03/17","38,698,064","7,377,279,160","189.50","191.50","189.00","191.50","+1.50","10,731",
"2017/03/20","16,531,620","3,154,243,641","191.50","191.50","189.50","191.50"," 0.00","6,790",
"2017/03/21","33,662,234","6,523,324,906","192.00","195.00","191.50","195.00","+3.50","13,192",
"2017/03/22","27,766,559","5,349,879,407","192.50","193.50","191.50","193.50","-1.50","9,435",
"2017/03/23","18,831,295","3,628,401,625","192.00","193.50","192.00","193.50"," 0.00","6,052",
"2017/03/24","17,722,202","3,408,016,684","192.00","193.00","192.00","192.50","-1.00","5,225",
"2017/03/27","29,867,998","5,766,195,556","194.50","194.50","192.00","193.00","+0.50","6,963",
"2017/03/28","39,522,318","7,662,549,266","195.00","195.00","192.50","194.50","+1.50","9,380",
"2017/03/29","33,839,400","6,501,685,654","194.50","194.50","191.00","191.50","-3.00","11,340",
"2017/03/30","30,716,971","5,884,771,607","192.50","193.00","190.50","191.50"," 0.00","9,900",
"2017/03/31","33,996,900","6,457,321,080","191.00","192.00","189.00","189.00","-2.50","10,225",
"Remarks:"
" Symbols for Direction:+/-/ X represent Up/Down/Not compared.
"
"Today statistics cover regular trading, Odd-lot, After-hour Fixed Price, Block trading, but exclude Auction and Tender offers."
"If the last digit of the 6 digit alphanumeric ETF security code is K, M, S or C, it is traded in foreign currency."

