"2020/07  Daily Trading Value/Volume of 1477 "
"Date","Trade Volume","Trade Value","Opening Price","Highest Price","Lowest Price","Closing Price","Change","Transaction",
"2020/07/01","2,359,839","368,087,884","155.00","158.50","154.00","156.00","+1.00","1,660",
"2020/07/02","1,678,959","266,345,440","156.50","160.50","156.00","160.50","+4.50","1,267",
"2020/07/03","4,864,468","786,528,784","162.00","164.00","158.00","163.50","+3.00","2,608",
"2020/07/06","8,121,456","1,324,676,583","166.50","168.00","160.00","163.00","-0.50","4,942",
"2020/07/07","6,525,608","1,064,927,604","160.50","166.50","159.00","163.00","X0.00","3,855",
"2020/07/08","3,090,893","502,381,603","165.50","165.50","160.00","162.50","-0.50","2,009",
"2020/07/09","2,928,583","474,536,649","164.50","165.00","160.50","161.50","-1.00","2,021",
"2020/07/10","3,686,456","590,502,812","163.50","164.50","156.50","156.50","-5.00","2,101",
"2020/07/13","11,944,658","1,987,828,544","161.00","171.50","160.00","169.00","+12.50","7,558",
"2020/07/14","5,638,140","946,957,706","168.50","170.50","165.00","170.00","+1.00","3,919",
"2020/07/15","15,210,723","2,663,555,525","174.00","179.50","171.00","175.00","+5.00","10,017",
"2020/07/16","10,877,915","1,961,868,805","178.00","186.00","176.00","178.50","+3.50","7,600",
"2020/07/17","6,597,126","1,177,900,676","181.00","184.00","173.00","176.00","-2.50","4,461",
"2020/07/20","5,591,222","951,004,462","178.00","178.50","167.00","171.00","-5.00","3,492",
"2020/07/21","3,419,198","590,355,034","171.00","175.50","168.50","174.50","+3.50","2,409",
"2020/07/22","2,931,895","513,398,230","176.50","177.50","172.00","174.00","-0.50","2,249",
"2020/07/23","2,050,235","352,302,685","174.00","175.00","170.00","171.00","-3.00","1,289",
"2020/07/24","2,852,598","481,689,464","171.00","172.00","166.50","168.00","-3.00","1,834",
"2020/07/27","3,591,435","604,377,515","168.00","172.00","165.50","170.00","+2.00","2,317",
"2020/07/28","3,403,340","573,611,440","174.50","174.50","165.00","166.00","-4.00","2,241",
"2020/07/29","3,214,519","540,176,673","167.50","169.50","166.00","167.00","+1.00","1,881",
"2020/07/30","5,242,475","913,267,600","171.00","176.00","170.00","176.00","+9.00","3,830",
"2020/07/31","5,532,837","990,753,160","176.00","181.00","175.00","180.50","+4.50","3,897",
"Remarks:"
" Symbols for Direction:+/-/ X represent Up/Down/Not compared.
"
"Today statistics cover regular trading, Odd-lot, After-hour Fixed Price, Block trading, but exclude Auction and Tender offers."
"If the last digit of the 6 digit alphanumeric ETF security code is K, M, S or C, it is traded in foreign currency."

