"2020/02  Daily Trading Value/Volume of 1477 "
"Date","Trade Volume","Trade Value","Opening Price","Highest Price","Lowest Price","Closing Price","Change","Transaction",
"2020/02/03","1,128,949","169,745,146","149.00","152.50","148.00","152.00"," 0.00","835",
"2020/02/04","877,783","133,095,903","152.00","153.50","150.50","150.50","-1.50","719",
"2020/02/05","1,536,834","230,032,934","151.00","151.50","149.00","149.00","-1.50","1,262",
"2020/02/06","1,488,775","221,343,750","150.00","150.00","148.00","149.00"," 0.00","1,240",
"2020/02/07","1,028,651","152,696,820","149.00","149.00","148.00","148.00","-1.00","758",
"2020/02/10","1,088,319","159,916,031","147.00","148.50","145.00","148.50","+0.50","773",
"2020/02/11","1,529,633","227,735,950","148.50","150.00","147.50","149.50","+1.00","1,118",
"2020/02/12","960,246","143,249,900","150.00","150.00","148.50","148.50","-1.00","757",
"2020/02/13","1,540,622","231,081,800","148.50","151.50","148.50","149.50","+1.00","1,187",
"2020/02/14","1,745,146","266,082,984","150.50","154.00","150.00","153.00","+3.50","1,393",
"2020/02/17","792,450","120,479,117","152.50","152.50","151.50","151.50","-1.50","703",
"2020/02/18","856,516","130,708,448","152.00","153.50","151.50","152.50","+1.00","649",
"2020/02/19","2,864,570","445,012,420","153.00","157.00","153.00","155.00","+2.50","1,934",
"2020/02/20","1,410,480","218,625,860","155.50","156.50","154.00","156.00","+1.00","973",
"2020/02/21","1,097,149","169,319,095","156.00","156.00","153.50","153.50","-2.50","808",
"2020/02/24","1,664,623","250,306,879","151.50","152.00","149.50","150.50","-3.00","1,348",
"2020/02/25","1,454,116","216,705,955","148.50","150.00","147.50","148.50","-2.00","1,102",
"2020/02/26","1,119,425","167,002,530","148.50","150.00","148.00","149.00","+0.50","837",
"2020/02/27","1,281,336","191,039,064","150.00","150.50","147.00","148.50","-0.50","1,036",
"Remarks:"
" Symbols for Direction:+/-/ X represent Up/Down/Not compared.
"
"Today statistics cover regular trading, Odd-lot, After-hour Fixed Price, Block trading, but exclude Auction and Tender offers."
"If the last digit of the 6 digit alphanumeric ETF security code is K, M, S or C, it is traded in foreign currency."

