"2020/04  Daily Trading Value/Volume of 1477 "
"Date","Trade Volume","Trade Value","Opening Price","Highest Price","Lowest Price","Closing Price","Change","Transaction",
"2020/04/01","1,230,078","131,152,424","105.50","108.00","105.00","107.50","+1.50","1,019",
"2020/04/06","1,981,552","210,814,387","107.50","108.00","104.50","107.50"," 0.00","1,437",
"2020/04/07","3,565,340","393,615,397","109.50","112.00","108.00","110.50","+3.00","2,327",
"2020/04/08","3,674,051","411,869,836","110.00","115.00","108.50","113.00","+2.50","2,501",
"2020/04/09","3,402,245","394,659,278","114.50","118.00","113.00","116.50","+3.50","2,611",
"2020/04/10","3,028,393","351,286,274","118.00","118.50","114.00","115.00","-1.50","2,127",
"2020/04/13","1,976,524","223,273,966","114.50","114.50","111.50","112.50","-2.50","1,538",
"2020/04/14","3,480,638","405,881,453","113.50","119.00","113.00","117.00","+4.50","2,695",
"2020/04/15","4,338,498","518,719,004","119.00","122.50","117.00","118.00","+1.00","3,024",
"2020/04/16","2,354,077","273,014,009","116.00","117.50","114.50","116.00","-2.00","1,842",
"2020/04/17","2,529,033","298,009,861","118.00","119.50","116.50","116.50","+0.50","1,710",
"2020/04/20","3,459,891","410,194,362","116.50","121.00","114.50","120.50","+4.00","2,245",
"2020/04/21","3,280,714","387,978,100","119.00","120.50","116.00","118.50","-2.00","2,317",
"2020/04/22","2,229,527","260,056,943","116.50","118.50","115.00","117.50","-1.00","1,484",
"2020/04/23","2,409,870","285,902,400","117.00","120.00","117.00","119.00","+1.50","1,566",
"2020/04/24","1,571,508","185,506,704","118.00","119.50","117.00","118.50","-0.50","1,078",
"2020/04/27","4,475,380","546,395,540","119.00","124.50","119.00","122.00","+3.50","3,309",
"2020/04/28","2,358,015","289,422,378","123.00","124.50","120.50","124.00","+2.00","1,755",
"2020/04/29","2,097,859","260,342,940","124.00","125.00","123.00","124.00"," 0.00","1,532",
"2020/04/30","2,618,745","330,880,860","125.00","128.00","124.50","127.50","+3.50","1,993",
"Remarks:"
" Symbols for Direction:+/-/ X represent Up/Down/Not compared.
"
"Today statistics cover regular trading, Odd-lot, After-hour Fixed Price, Block trading, but exclude Auction and Tender offers."
"If the last digit of the 6 digit alphanumeric ETF security code is K, M, S or C, it is traded in foreign currency."

