"2022/06 Highlights of Daily Trading"
"Date","Trade Volume","Trade Value","Transaction","TAIEX","Change",
"2022/06/01","5,693,916,795","258,566,786,434","1,880,264","16,675.09","-132.68",
"2022/06/02","4,836,099,012","218,821,056,154","1,644,560","16,552.57","-122.52",
"2022/06/06","5,418,061,163","216,767,810,514","1,650,552","16,605.96","53.39",
"2022/06/07","4,732,466,558","191,743,164,586","1,465,367","16,512.88","-93.08",
"2022/06/08","4,815,479,765","211,696,660,683","1,519,133","16,670.51","157.63",
"2022/06/09","4,489,281,689","197,235,401,215","1,454,244","16,621.34","-49.17",
"2022/06/10","4,562,608,201","189,161,795,260","1,516,155","16,460.12","-161.22",
"2022/06/13","5,886,905,413","234,700,226,886","2,153,694","16,070.98","-389.14",
"2022/06/14","5,921,513,494","229,898,231,624","1,914,353","16,047.37","-23.61",
"2022/06/15","5,516,815,156","227,828,144,119","1,946,419","15,999.25","-48.12",
"2022/06/16","6,526,682,108","278,764,516,154","2,174,601","15,838.61","-160.64",
"2022/06/17","7,818,365,119","315,316,144,668","2,394,747","15,641.26","-197.35",
"2022/06/20","7,296,097,304","269,820,786,451","2,331,322","15,367.58","-273.68",
"2022/06/21","6,317,170,575","241,909,464,321","1,797,587","15,728.64","361.06",
"2022/06/22","7,189,114,233","283,115,262,191","2,382,759","15,347.75","-380.89",
"2022/06/23","7,126,291,967","289,513,623,575","2,283,263","15,176.44","-171.31",
"2022/06/24","5,948,003,761","234,995,388,483","1,877,146","15,303.32","126.88",
"2022/06/27","6,404,496,208","243,621,265,774","1,857,724","15,548.01","244.69",
"2022/06/28","5,846,311,464","237,078,801,054","1,828,553","15,439.92","-108.09",
"2022/06/29","5,872,889,125","248,619,186,210","1,896,576","15,240.13","-199.79",
"2022/06/30","6,898,867,816","265,050,305,605","2,355,944","14,825.73","-414.40",
"Remarks:"
"Statistics of today cover regular trading, Odd-lot, After-hour Fixed Price, Block trading, but exclude Auction and Tender offers."
"The total trade value including foreign currency ETFs is converted into NTD, using the exchange rate posted at 3:30pm on the day of trading. Please refer to our official website at https://www.twse.com.tw/en/ Home > Market Info>Dual-Currency Trading ETFs>Daily exchange rate"

