"2025/05  Daily Trading Value/Volume of 2330 "
"Date","Trade Volume","Trade Value","Opening Price","Highest Price","Lowest Price","Closing Price","Change","Transaction",
"2025/05/02","48,129,292","45,206,565,214","938.00","950.00","932.00","950.00","+42.00","99,509",
"2025/05/05","56,516,129","53,055,259,965","956.00","957.00","923.00","938.00","-12.00","93,285",
"2025/05/06","43,358,708","40,011,158,770","916.00","930.00","916.00","920.00","-18.00","74,918",
"2025/05/07","39,021,595","36,011,806,469","925.00","932.00","911.00","928.00","+8.00","50,267",
"2025/05/08","30,777,988","28,602,519,292","933.00","939.00","918.00","918.00","-10.00","39,133",
"2025/05/09","40,878,730","38,557,125,038","938.00","949.00","934.00","949.00","+31.00","68,630",
"2025/05/12","25,668,469","24,554,284,001","954.00","962.00","952.00","957.00","+8.00","44,647",
"2025/05/13","50,960,522","49,747,284,080","990.00","990.00","969.00","969.00","+12.00","72,252",
"2025/05/14","55,061,671","54,697,821,594","990.00","999.00","988.00","999.00","+30.00","105,868",
"2025/05/15","28,518,212","28,422,046,465","1,000.00","1,000.00","993.00","993.00","-6.00","50,265",
"2025/05/16","18,079,325","17,966,857,712","991.00","998.00","989.00","998.00","+5.00","36,183",
"2025/05/19","21,936,885","21,653,317,847","993.00","994.00","980.00","984.00","-14.00","68,821",
"2025/05/20","24,317,788","23,922,516,474","991.00","994.00","978.00","978.00","-6.00","46,215",
"2025/05/21","27,677,478","27,418,826,043","986.00","999.00","983.00","990.00","+12.00","47,842",
"2025/05/22","19,671,417","19,321,581,490","988.00","988.00","979.00","982.00","-8.00","41,571",
"2025/05/23","23,744,132","23,343,468,899","993.00","993.00","975.00","984.00","+2.00","46,204",
"2025/05/26","20,906,797","20,460,682,166","975.00","984.00","975.00","976.00","-8.00","31,349",
"2025/05/27","29,843,876","28,842,510,221","971.00","975.00","961.00","965.00","-11.00","86,318",
"2025/05/28","31,929,816","31,118,692,765","984.00","985.00","967.00","967.00","+2.00","37,776",
"2025/05/29","64,850,290","62,982,593,605","986.00","986.00","967.00","967.00"," 0.00","36,958",
"Remarks:"
" Symbols for Direction:+/-/ X represent Up/Down/Not compared.
"
"Today statistics cover regular trading, Odd-lot, After-hour Fixed Price, Block trading, but exclude Auction and Tender offers."
"If the last digit of the 6 digit alphanumeric ETF security code is K, M, S or C, it is traded in foreign currency."

