"2025/04  Daily Trading Value/Volume of 2330 "
"Date","Trade Volume","Trade Value","Opening Price","Highest Price","Lowest Price","Closing Price","Change","Transaction",
"2025/04/01","33,673,400","31,491,275,577","929.00","946.00","925.00","944.00","+34.00","73,772",
"2025/04/02","28,201,820","26,641,223,575","949.00","952.00","938.00","942.00","-2.00","61,150",
"2025/04/07","37,652,704","32,012,146,992","848.00","848.00","848.00","848.00","-94.00","219,438",
"2025/04/08","136,580,582","111,279,830,476","797.00","843.00","797.00","816.00","-32.00","425,666",
"2025/04/09","122,044,966","97,865,587,721","809.00","826.00","780.00","785.00","-31.00","518,687",
"2025/04/10","28,397,160","24,506,749,080","863.00","863.00","863.00","863.00","+78.00","32,126",
"2025/04/11","81,264,878","70,338,979,303","848.00","889.00","836.00","889.00","+26.00","188,545",
"2025/04/14","72,625,129","64,302,226,102","895.00","903.00","865.00","865.00","-24.00","243,019",
"2025/04/15","35,642,588","31,178,394,103","874.00","879.00","865.00","877.00","+12.00","66,577",
"2025/04/16","47,199,014","40,541,996,319","867.00","869.00","852.00","855.00","-22.00","178,095",
"2025/04/17","36,449,601","30,955,774,323","849.00","856.00","842.00","847.00","-8.00","104,874",
"2025/04/18","23,249,139","19,831,869,687","853.00","858.00","850.00","850.00","+3.00","68,176",
"2025/04/21","20,672,773","17,304,529,560","844.00","847.00","832.00","835.00","-15.00","104,189",
"2025/04/22","32,057,642","26,346,742,317","826.00","829.00","816.00","816.00","-19.00","133,084",
"2025/04/23","40,685,613","34,980,602,995","853.00","873.00","848.00","873.00","+57.00","78,430",
"2025/04/24","34,499,991","30,099,254,355","886.00","886.00","859.00","864.00","-9.00","60,744",
"2025/04/25","39,651,775","35,411,585,995","900.00","901.00","886.00","888.00","+24.00","76,758",
"2025/04/28","25,396,543","22,758,357,535","898.00","898.00","893.00","897.00","+9.00","43,185",
"2025/04/29","31,146,996","27,990,673,396","897.00","902.00","893.00","902.00","+5.00","45,912",
"2025/04/30","39,204,833","35,471,028,626","901.00","908.00","899.00","908.00","+6.00","46,388",
"Remarks:"
" Symbols for Direction:+/-/ X represent Up/Down/Not compared.
"
"Today statistics cover regular trading, Odd-lot, After-hour Fixed Price, Block trading, but exclude Auction and Tender offers."
"If the last digit of the 6 digit alphanumeric ETF security code is K, M, S or C, it is traded in foreign currency."

