"2018/04  Daily Trading Value/Volume of 1303 "
"Date","Trade Volume","Trade Value","Opening Price","Highest Price","Lowest Price","Closing Price","Change","Transaction",
"2018/04/02","4,891,953","397,867,632","82.00","82.20","81.00","81.60"," 0.00","2,305",
"2018/04/03","7,477,091","606,186,076","81.50","81.60","80.80","81.30","-0.30","3,652",
"2018/04/09","8,915,554","737,467,582","82.90","83.40","81.90","83.40","+2.10","4,355",
"2018/04/10","7,642,205","638,400,499","83.60","83.90","82.90","83.80","+0.40","2,863",
"2018/04/11","7,096,640","595,435,677","84.50","84.50","83.50","83.90","+0.10","3,150",
"2018/04/12","6,184,434","521,657,050","83.90","84.90","83.80","84.80","+0.90","3,093",
"2018/04/13","4,560,978","384,143,410","84.80","84.80","83.90","84.10","-0.70","2,353",
"2018/04/16","3,252,987","272,264,675","84.00","84.00","83.50","83.80","-0.30","1,952",
"2018/04/17","8,592,547","708,424,851","84.00","84.00","82.00","82.40","-1.40","4,604",
"2018/04/18","6,488,700","535,691,269","82.70","83.00","82.20","82.90","+0.50","3,032",
"2018/04/19","8,339,994","694,825,065","83.10","83.80","82.60","83.80","+0.90","4,148",
"2018/04/20","6,419,090","532,111,732","83.50","83.60","82.70","83.00","-0.80","4,391",
"2018/04/23","7,793,879","639,601,078","82.50","82.90","81.70","82.00","-1.00","3,568",
"2018/04/24","9,847,559","798,682,079","82.50","82.50","80.60","80.90","-1.10","4,840",
"2018/04/25","6,451,898","519,395,838","80.60","80.90","80.20","80.90"," 0.00","3,548",
"2018/04/26","6,459,418","522,101,358","81.00","81.40","80.40","81.00","+0.10","4,136",
"2018/04/27","5,183,090","418,394,490","81.00","81.10","80.30","80.80","-0.20","3,065",
"2018/04/30","4,523,005","367,222,892","81.00","81.60","80.70","81.60","+0.80","2,424",
"Remarks:"
" Symbols for Direction:+/-/ X represent Up/Down/Not compared.
"
"Today statistics cover regular trading, Odd-lot, After-hour Fixed Price, Block trading, but exclude Auction and Tender offers."
"If the last digit of the 6 digit alphanumeric ETF security code is K, M, S or C, it is traded in foreign currency."

