"2021/11  Daily Trading Value/Volume of 1233 "
"Date","Trade Volume","Trade Value","Opening Price","Highest Price","Lowest Price","Closing Price","Change","Transaction",
"2021/11/01","14,025","468,789","33.50","33.50","33.20","33.50","-0.10","12",
"2021/11/02","5,462","182,983","33.50","33.50","33.50","33.50"," 0.00","11",
"2021/11/03","9,676","320,308","33.30","33.45","33.00","33.45","-0.05","18",
"2021/11/04","7,002","232,416","33.25","33.25","33.10","33.25","-0.20","9",
"2021/11/05","8,015","266,097","33.15","33.25","33.10","33.25"," 0.00","11",
"2021/11/08","4,161","137,550","33.25","33.25","32.90","32.90","-0.35","9",
"2021/11/09","15,300","511,649","33.25","33.55","33.25","33.50","+0.60","19",
"2021/11/10","6,062","202,868","33.20","33.65","33.20","33.65","+0.15","13",
"2021/11/11","56,106","1,905,461","33.65","34.05","33.65","34.00","+0.35","28",
"2021/11/12","6,055","203,362","34.00","34.00","33.50","33.50","-0.50","8",
"2021/11/15","11,101","371,982","33.70","33.70","33.40","33.60","+0.10","14",
"2021/11/16","7,003","233,952","33.40","33.45","33.35","33.35","-0.25","10",
"2021/11/17","9,174","306,165","33.30","33.60","33.30","33.60","+0.25","11",
"2021/11/18","23,152","779,773","33.60","33.80","33.55","33.70","+0.10","22",
"2021/11/19","23,001","776,383","33.55","34.05","33.50","33.80","+0.10","17",
"2021/11/22","4,486","151,308","33.60","33.95","33.60","33.65","-0.15","9",
"2021/11/23","7,086","238,397","33.65","33.70","33.55","33.70","+0.05","11",
"2021/11/24","9,290","311,693","33.70","33.70","33.50","33.70"," 0.00","15",
"2021/11/25","5,185","175,118","33.70","34.00","33.60","34.00","+0.30","14",
"2021/11/26","43,423","1,471,419","34.00","34.15","33.50","34.15","+0.15","35",
"2021/11/29","18,151","620,708","33.90","34.95","33.85","34.15"," 0.00","20",
"2021/11/30","7,102","238,880","33.60","33.65","33.60","33.65","-0.50","10",
"Remarks:"
" Symbols for Direction:+/-/ X represent Up/Down/Not compared.
"
"Today statistics cover regular trading, Odd-lot, After-hour Fixed Price, Block trading, but exclude Auction and Tender offers."
"If the last digit of the 6 digit alphanumeric ETF security code is K, M, S or C, it is traded in foreign currency."

