"2018/09  Daily Trading Value/Volume of 2103 "
"Date","Trade Volume","Trade Value","Opening Price","Highest Price","Lowest Price","Closing Price","Change","Transaction",
"2018/09/03","650,414","20,867,006","31.90","32.30","31.85","31.85","-0.15","472",
"2018/09/04","204,226","6,518,699","31.85","32.00","31.85","31.95","+0.10","153",
"2018/09/05","316,824","9,994,729","31.85","31.85","31.30","31.40","-0.55","278",
"2018/09/06","588,381","18,205,411","31.40","31.40","30.80","31.00","-0.40","370",
"2018/09/07","436,888","13,507,331","30.80","31.15","30.80","30.95","-0.05","294",
"2018/09/10","1,622,769","49,332,949","31.35","31.35","30.25","30.40","-0.55","532",
"2018/09/11","952,184","29,332,005","30.40","31.30","30.40","31.30","+0.90","488",
"2018/09/12","542,046","16,873,184","31.30","31.40","30.55","31.40","+0.10","382",
"2018/09/13","590,045","18,725,107","31.40","31.90","31.30","31.60","+0.20","556",
"2018/09/14","394,840","12,506,984","31.60","31.80","31.35","31.80","+0.20","342",
"2018/09/17","158,997","5,026,997","31.80","31.95","31.50","31.60","-0.20","151",
"2018/09/18","910,011","28,969,692","31.60","32.00","31.60","32.00","+0.40","573",
"2018/09/19","507,974","16,221,417","32.10","32.10","31.80","31.80","-0.20","431",
"2018/09/20","698,700","22,303,901","31.90","32.05","31.65","31.90","+0.10","356",
"2018/09/21","3,231,441","106,139,195","32.00","33.40","32.00","33.40","+1.50","1,918",
"2018/09/25","3,305,848","112,432,023","33.40","34.45","33.05","34.40","+1.00","1,687",
"2018/09/26","1,711,555","58,392,772","34.20","34.40","33.70","34.30","-0.10","999",
"2018/09/27","1,164,316","40,034,577","34.30","34.75","34.15","34.45","+0.15","840",
"2018/09/28","1,647,430","55,825,018","34.40","34.50","33.25","33.90","-0.55","1,112",
"Remarks:"
" Symbols for Direction:+/-/ X represent Up/Down/Not compared.
"
"Today statistics cover regular trading, Odd-lot, After-hour Fixed Price, Block trading, but exclude Auction and Tender offers."
"If the last digit of the 6 digit alphanumeric ETF security code is K, M, S or C, it is traded in foreign currency."

