"2020/03  Daily Trading Value/Volume of 2912 "
"Date","Trade Volume","Trade Value","Opening Price","Highest Price","Lowest Price","Closing Price","Change","Transaction",
"2020/03/02","2,445,230","720,410,080","295.00","296.00","292.50","295.00","-1.50","1,757",
"2020/03/03","1,747,352","515,936,210","296.00","297.00","294.00","295.00"," 0.00","1,241",
"2020/03/04","1,287,674","381,782,771","294.50","298.50","294.00","297.50","+2.50","775",
"2020/03/05","1,011,926","304,405,726","298.00","302.50","298.00","302.50","+5.00","842",
"2020/03/06","1,408,178","418,205,937","300.50","300.50","295.50","296.50","-6.00","1,155",
"2020/03/09","1,550,364","453,498,380","291.00","296.00","290.00","293.00","-3.50","1,341",
"2020/03/10","2,711,875","785,145,914","290.50","293.00","287.00","291.00","-2.00","2,053",
"2020/03/11","1,283,312","372,723,242","289.50","292.00","289.00","291.00"," 0.00","1,075",
"2020/03/12","2,387,255","684,572,185","289.00","289.00","284.50","286.50","-4.50","1,895",
"2020/03/13","4,401,378","1,183,150,328","272.50","275.50","260.00","273.50","-13.00","3,092",
"2020/03/16","2,292,792","625,392,870","273.50","274.00","271.00","274.00","+0.50","1,580",
"2020/03/17","3,684,480","1,038,888,503","274.00","287.50","271.00","286.50","+12.50","2,801",
"2020/03/18","3,064,088","874,885,411","285.00","290.00","281.00","283.50","-3.00","2,271",
"2020/03/19","3,873,600","1,100,809,500","278.00","291.00","277.00","286.50","+3.00","3,233",
"2020/03/20","3,630,716","1,030,807,189","286.50","288.50","281.00","281.00","-5.50","2,268",
"2020/03/23","4,536,207","1,206,391,476","276.00","279.00","260.50","265.00","-16.00","2,644",
"2020/03/24","3,026,118","813,575,783","276.00","276.00","265.00","267.00","+2.00","2,025",
"2020/03/25","3,182,142","855,736,319","265.50","272.50","265.50","272.50","+5.50","2,131",
"2020/03/26","2,225,737","615,367,123","273.50","279.50","271.00","278.50","+6.00","1,721",
"2020/03/27","1,448,661","404,613,919","279.00","280.50","278.00","278.00","-0.50","1,056",
"2020/03/30","1,426,796","395,459,880","275.00","280.00","272.00","277.00","-1.00","894",
"2020/03/31","2,157,626","606,904,658","278.00","283.50","276.50","283.00","+6.00","1,330",
"Remarks:"
" Symbols for Direction:+/-/ X represent Up/Down/Not compared.
"
"Today statistics cover regular trading, Odd-lot, After-hour Fixed Price, Block trading, but exclude Auction and Tender offers."
"If the last digit of the 6 digit alphanumeric ETF security code is K, M, S or C, it is traded in foreign currency."

