"2021/10  Daily Trading Value/Volume of 2330 "
"Date","Trade Volume","Trade Value","Opening Price","Highest Price","Lowest Price","Closing Price","Change","Transaction",
"2021/10/01","39,006,124","22,368,447,571","579.00","579.00","571.00","574.00","-6.00","78,088",
"2021/10/04","22,288,138","12,741,914,919","574.00","575.00","569.00","572.00","-2.00","42,147",
"2021/10/05","36,063,650","20,406,526,124","562.00","572.00","560.00","572.00"," 0.00","56,678",
"2021/10/06","33,989,379","19,345,468,774","573.00","574.00","565.00","571.00","-1.00","53,606",
"2021/10/07","28,480,400","16,458,019,782","575.00","582.00","572.00","580.00","+9.00","23,304",
"2021/10/08","22,601,904","13,051,944,932","582.00","583.00","573.00","575.00","-5.00","24,157",
"2021/10/12","27,126,088","15,455,194,493","570.00","575.00","564.00","575.00"," 0.00","32,210",
"2021/10/13","19,267,437","11,006,807,040","572.00","575.00","570.00","571.00","-4.00","18,050",
"2021/10/14","14,270,641","8,213,170,376","579.00","579.00","573.00","573.00","+2.00","14,814",
"2021/10/15","55,305,252","32,878,638,999","592.00","600.00","586.00","600.00","+27.00","61,088",
"2021/10/18","19,753,943","11,802,365,489","604.00","604.00","590.00","590.00","-10.00","21,353",
"2021/10/19","18,709,936","11,196,540,994","598.00","600.00","593.00","600.00","+10.00","20,482",
"2021/10/20","17,537,878","10,527,701,553","603.00","604.00","597.00","598.00","-2.00","16,410",
"2021/10/21","16,882,324","10,116,911,921","602.00","603.00","595.00","596.00","-2.00","17,599",
"2021/10/22","14,236,279","8,520,299,817","600.00","602.00","594.00","600.00","+4.00","12,812",
"2021/10/25","17,724,968","10,518,554,968","597.00","597.00","590.00","593.00","-7.00","16,139",
"2021/10/26","27,047,187","16,169,131,795","595.00","600.00","593.00","599.00","+6.00","13,081",
"2021/10/27","16,260,278","9,708,715,733","598.00","599.00","594.00","599.00"," 0.00","12,042",
"2021/10/28","16,927,154","10,066,068,774","598.00","598.00","591.00","595.00","-4.00","15,065",
"2021/10/29","27,684,673","16,352,758,906","595.00","596.00","589.00","590.00","-5.00","19,937",
"Remarks:"
" Symbols for Direction:+/-/ X represent Up/Down/Not compared.
"
"Today statistics cover regular trading, Odd-lot, After-hour Fixed Price, Block trading, but exclude Auction and Tender offers."
"If the last digit of the 6 digit alphanumeric ETF security code is K, M, S or C, it is traded in foreign currency."

