"2020/03  Daily Trading Value/Volume of 8046 "
"Date","Trade Volume","Trade Value","Opening Price","Highest Price","Lowest Price","Closing Price","Change","Transaction",
"2020/03/02","20,729,681","1,149,431,636","53.00","56.70","52.40","56.00","+3.00","11,096",
"2020/03/03","26,869,968","1,526,267,215","56.80","58.20","55.10","55.50","-0.50","15,207",
"2020/03/04","12,127,947","676,159,408","55.90","56.80","54.70","56.20","+0.70","6,289",
"2020/03/05","16,187,794","929,147,416","57.20","58.50","56.10","56.10","-0.10","8,769",
"2020/03/06","10,663,683","608,062,101","55.70","58.00","55.50","57.40","+1.30","5,622",
"2020/03/09","17,898,334","1,012,874,103","57.40","58.80","55.00","55.00","-2.40","9,407",
"2020/03/10","16,874,498","919,687,084","53.30","56.50","53.30","56.00","+1.00","6,551",
"2020/03/11","9,807,199","537,753,624","56.50","56.80","53.10","54.20","-1.80","5,600",
"2020/03/12","11,167,942","565,470,433","53.40","53.80","48.90","49.00","-5.20","5,801",
"2020/03/13","11,643,616","519,333,152","44.10","46.70","44.10","46.70","-2.30","5,269",
"2020/03/16","8,104,528","370,169,814","47.20","47.80","43.55","43.70","-3.00","4,460",
"2020/03/17","11,107,609","493,093,592","43.00","46.00","42.00","44.70","+1.00","6,386",
"2020/03/18","16,084,477","767,353,468","46.00","49.15","45.30","47.60","+2.90","9,363",
"2020/03/19","11,885,863","528,141,159","47.05","48.00","42.85","42.85","-4.75","6,772",
"2020/03/20","19,830,112","895,959,846","44.90","46.90","42.70","43.00","+0.15","10,633",
"2020/03/23","12,062,021","472,373,056","40.80","40.80","38.70","38.70","-4.30","6,992",
"2020/03/24","14,908,359","595,993,810","39.80","40.80","39.30","39.70","+1.00","8,418",
"2020/03/25","11,873,103","509,875,289","41.50","43.65","41.30","43.65","+3.95","5,371",
"2020/03/26","20,656,101","948,805,347","44.50","47.45","44.25","47.00","+3.35","11,938",
"2020/03/27","25,850,908","1,295,407,736","49.15","51.70","48.25","50.40","+3.40","14,906",
"2020/03/30","17,312,825","895,440,469","49.50","52.80","49.45","52.40","+2.00","10,699",
"2020/03/31","23,091,871","1,260,506,605","53.00","55.50","53.00","55.00","+2.60","12,952",
"Remarks:"
" Symbols for Direction:+/-/ X represent Up/Down/Not compared.
"
"Today statistics cover regular trading, Odd-lot, After-hour Fixed Price, Block trading, but exclude Auction and Tender offers."
"If the last digit of the 6 digit alphanumeric ETF security code is K, M, S or C, it is traded in foreign currency."

