"2024/03 Highlights of Daily Trading"
"Date","Trade Volume","Trade Value","Transaction","TAIEX","Change",
"2024/03/01","7,573,187,396","408,887,917,320","2,704,070","18,935.93","-30.84",
"2024/03/04","8,836,524,686","498,826,009,735","3,139,804","19,305.31","369.38",
"2024/03/05","8,130,039,078","434,737,914,006","2,929,998","19,386.92","81.61",
"2024/03/06","8,275,991,420","424,946,730,059","3,038,446","19,499.45","112.53",
"2024/03/07","9,410,905,277","519,787,748,111","3,511,748","19,693.52","194.07",
"2024/03/08","10,441,231,662","589,536,537,710","3,828,556","19,785.32","91.80",
"2024/03/11","7,833,500,763","414,340,922,022","2,852,909","19,726.08","-59.24",
"2024/03/12","8,460,730,583","467,124,722,024","2,902,751","19,914.55","188.47",
"2024/03/13","9,706,968,613","552,352,937,940","3,524,664","19,928.51","13.96",
"2024/03/14","8,827,167,427","489,766,145,159","3,234,298","19,937.92","9.41",
"2024/03/15","9,670,515,104","570,821,380,572","3,274,078","19,682.50","-255.42",
"2024/03/18","7,757,012,558","427,419,350,411","2,891,814","19,879.85","197.35",
"2024/03/19","8,621,957,387","472,044,684,305","3,130,693","19,857.20","-22.65",
"2024/03/20","10,021,992,787","532,380,770,407","3,673,047","19,784.45","-72.75",
"2024/03/21","9,714,309,641","494,379,415,922","3,288,601","20,199.09","414.64",
"2024/03/22","9,739,588,799","506,545,814,070","3,604,661","20,228.43","29.34",
"2024/03/25","7,774,647,172","376,836,417,981","2,942,978","20,192.25","-36.18",
"2024/03/26","9,364,343,444","493,908,564,652","3,686,460","20,126.49","-65.76",
"2024/03/27","7,726,443,586","392,018,178,269","2,880,555","20,200.12","73.63",
"2024/03/28","8,671,376,628","452,071,034,258","3,120,574","20,146.55","-53.57",
"2024/03/29","8,501,295,897","483,267,779,914","3,034,507","20,294.45","147.90",
"Remarks:"
"Statistics of today cover regular trading, Odd-lot, After-hour Fixed Price, Block trading, but exclude Auction and Tender offers."
"The total trade value including foreign currency ETFs is converted into NTD, using the exchange rate posted at 3:30pm on the day of trading. Please refer to our official website at https://www.twse.com.tw/en/ Home > Market Info>Dual-Currency Trading ETFs>Daily exchange rate"

