"2024/01  Daily Trading Value/Volume of 2330 "
"Date","Trade Volume","Trade Value","Opening Price","Highest Price","Lowest Price","Closing Price","Change","Transaction",
"2024/01/02","27,997,826","16,549,619,798","590.00","593.00","589.00","593.00"," 0.00","20,667",
"2024/01/03","40,134,497","23,267,025,945","584.00","585.00","576.00","578.00","-15.00","56,916",
"2024/01/04","18,063,758","10,466,284,102","580.00","581.00","577.00","580.00","+2.00","15,010",
"2024/01/05","22,008,878","12,685,460,114","578.00","580.00","574.00","576.00","-4.00","28,660",
"2024/01/08","19,270,119","11,232,942,053","582.00","585.00","579.00","583.00","+7.00","19,950",
"2024/01/09","23,718,766","13,909,252,422","588.00","589.00","583.00","586.00","+3.00","23,975",
"2024/01/10","13,708,117","8,006,229,126","581.00","586.00","580.00","584.00","-2.00","16,104",
"2024/01/11","27,842,729","16,323,168,586","586.00","589.00","583.00","586.00","+2.00","20,754",
"2024/01/12","17,636,558","10,304,253,419","581.00","588.00","581.00","584.00","-2.00","15,765",
"2024/01/15","21,900,687","12,873,769,022","590.00","590.00","585.00","586.00","+2.00","21,886",
"2024/01/16","28,889,681","16,817,280,777","581.00","588.00","579.00","580.00","-6.00","21,938",
"2024/01/17","46,857,735","27,229,863,028","583.00","584.00","578.00","581.00","+1.00","28,790",
"2024/01/18","36,746,623","21,575,062,923","586.00","589.00","585.00","588.00","+7.00","28,621",
"2024/01/19","176,166,037","109,423,769,320","625.00","627.00","614.00","626.00","+38.00","207,364",
"2024/01/22","70,829,523","44,436,449,501","633.00","633.00","623.00","626.00"," 0.00","56,376",
"2024/01/23","45,761,889","28,681,559,251","629.00","629.00","622.00","628.00","+2.00","34,729",
"2024/01/24","29,905,121","18,779,693,566","628.00","630.00","624.00","627.00","-1.00","27,062",
"2024/01/25","59,214,638","37,803,501,446","635.00","642.00","633.00","642.00","+15.00","85,006",
"2024/01/26","44,103,850","28,392,638,215","644.00","646.00","639.00","644.00","+2.00","41,691",
"2024/01/29","29,828,008","19,268,444,564","646.00","648.00","644.00","648.00","+4.00","32,347",
"2024/01/30","40,398,877","26,028,211,247","642.00","647.00","642.00","642.00","-6.00","35,002",
"2024/01/31","47,554,701","29,978,630,024","634.00","637.00","626.00","628.00","-14.00","61,811",
"Remarks:"
" Symbols for Direction:+/-/ X represent Up/Down/Not compared.
"
"Today statistics cover regular trading, Odd-lot, After-hour Fixed Price, Block trading, but exclude Auction and Tender offers."
"If the last digit of the 6 digit alphanumeric ETF security code is K, M, S or C, it is traded in foreign currency."

