"2025/06 Highlights of Daily Trading"
"Date","Trade Volume","Trade Value","Transaction","TAIEX","Change",
"2025/06/02","6,799,184,355","357,964,491,699","2,934,061","21,002.71","-344.59",
"2025/06/03","6,212,282,158","356,029,228,852","2,284,098","21,126.93","124.22",
"2025/06/04","6,939,766,989","416,698,575,220","2,618,976","21,618.09","491.16",
"2025/06/05","6,479,408,591","370,407,613,418","2,503,470","21,674.43","56.34",
"2025/06/06","5,283,685,603","306,326,887,550","2,093,692","21,660.66","-13.77",
"2025/06/09","5,424,065,394","307,755,303,958","2,073,874","21,790.29","129.63",
"2025/06/10","6,797,923,817","402,770,551,130","2,637,127","22,242.14","451.85",
"2025/06/11","6,677,404,614","411,974,082,607","2,544,038","22,470.10","227.96",
"2025/06/12","5,845,048,888","350,086,370,163","2,174,517","22,287.82","-182.28",
"2025/06/13","6,908,522,212","374,682,954,150","2,556,297","22,072.95","-214.87",
"2025/06/16","5,524,506,597","298,283,417,109","1,977,348","22,049.90","-23.05",
"2025/06/17","6,125,208,525","374,245,537,952","2,318,537","22,211.59","161.69",
"2025/06/18","6,399,812,298","394,797,009,579","2,572,872","22,356.73","145.14",
"2025/06/19","5,689,009,009","337,907,299,094","2,549,579","22,003.50","-353.23",
"2025/06/20","6,862,237,230","463,891,770,965","2,427,976","22,045.74","42.24",
"2025/06/23","5,617,706,428","314,404,805,401","2,230,655","21,732.02","-313.72",
"2025/06/24","7,011,455,635","401,630,916,668","2,352,155","22,188.76","456.74",
"2025/06/25","6,335,015,793","401,074,986,062","2,303,648","22,430.61","241.85",
"2025/06/26","6,410,607,751","399,984,776,279","2,320,884","22,492.34","61.73",
"2025/06/27","6,064,087,692","374,841,846,059","2,202,173","22,580.08","87.74",
"2025/06/30","5,791,190,538","365,764,595,737","2,137,192","22,256.02","-324.06",
"Remarks:"
"Statistics of today cover regular trading, Odd-lot, After-hour Fixed Price, Block trading, but exclude Auction and Tender offers."
"The total trade value including foreign currency ETFs is converted into NTD, using the exchange rate posted at 3:30pm on the day of trading. Please refer to our official website at https://www.twse.com.tw/en/ Home > Market Info>Dual-Currency Trading ETFs>Daily exchange rate"

