"2017/12  Daily Trading Value/Volume of 1303 "
"Date","Trade Volume","Trade Value","Opening Price","Highest Price","Lowest Price","Closing Price","Change","Transaction",
"2017/12/01","7,654,750","575,525,350","75.60","75.70","74.60","75.00","-0.60","2,926",
"2017/12/04","5,401,330","407,616,006","75.70","75.70","75.00","75.60","+0.60","1,544",
"2017/12/05","5,590,569","422,086,043","75.60","75.80","75.30","75.80","+0.20","2,447",
"2017/12/06","5,348,352","400,653,138","75.60","75.60","74.60","75.00","-0.80","2,574",
"2017/12/07","5,773,391","431,334,358","75.30","75.30","74.40","74.50","-0.50","3,205",
"2017/12/08","3,775,943","280,841,241","74.60","74.70","74.20","74.50"," 0.00","1,699",
"2017/12/11","3,834,587","284,518,633","74.00","74.40","74.00","74.20","-0.30","1,983",
"2017/12/12","5,181,865","383,765,471","74.10","74.20","73.80","74.20"," 0.00","2,109",
"2017/12/13","2,579,328","191,873,189","74.00","74.70","73.90","74.60","+0.40","1,170",
"2017/12/14","3,099,480","232,752,281","74.80","75.40","74.70","75.00","+0.40","1,508",
"2017/12/15","8,154,985","608,825,269","74.50","75.10","74.30","74.70","-0.30","1,683",
"2017/12/18","6,441,978","485,504,250","75.40","75.80","74.90","75.20","+0.50","2,389",
"2017/12/19","6,031,728","455,493,655","75.50","76.00","75.30","75.30","+0.10","1,870",
"2017/12/20","3,789,535","287,267,379","76.00","76.00","75.60","75.80","+0.50","1,173",
"2017/12/21","4,503,213","341,801,689","75.90","76.00","75.80","75.90","+0.10","1,061",
"2017/12/22","4,808,282","365,882,579","76.00","76.20","75.90","76.20","+0.30","1,274",
"2017/12/25","3,591,955","274,412,051","76.30","76.70","76.10","76.50","+0.30","1,349",
"2017/12/26","2,440,676","186,566,892","76.20","76.60","76.20","76.50"," 0.00","969",
"2017/12/27","6,836,671","527,095,391","76.60","77.50","76.50","77.50","+1.00","2,500",
"2017/12/28","5,867,456","454,322,512","77.60","77.80","77.20","77.20","-0.30","1,872",
"2017/12/29","9,289,725","722,223,645","77.20","78.20","77.10","77.90","+0.70","3,106",
"Remarks:"
" Symbols for Direction:+/-/ X represent Up/Down/Not compared.
"
"Today statistics cover regular trading, Odd-lot, After-hour Fixed Price, Block trading, but exclude Auction and Tender offers."
"If the last digit of the 6 digit alphanumeric ETF security code is K, M, S or C, it is traded in foreign currency."

