"2023/09  Daily Trading Value/Volume of 1477 "
"Date","Trade Volume","Trade Value","Opening Price","Highest Price","Lowest Price","Closing Price","Change","Transaction",
"2023/09/01","1,786,886","589,124,219","335.00","335.00","327.00","327.00","-7.50","2,310",
"2023/09/04","2,200,490","724,804,487","329.50","333.50","327.00","329.00","+2.00","1,874",
"2023/09/05","5,477,623","1,861,963,514","331.00","347.00","329.50","342.50","+13.50","4,700",
"2023/09/06","3,130,340","1,084,029,001","342.50","349.00","341.50","345.50","+3.00","2,766",
"2023/09/07","1,952,416","664,673,016","345.50","345.50","338.00","340.00","-5.50","1,752",
"2023/09/08","3,108,393","1,081,375,825","345.00","353.00","341.50","344.00","+4.00","2,726",
"2023/09/11","1,932,272","656,610,954","349.50","349.50","335.50","339.50","-4.50","1,866",
"2023/09/12","2,351,158","794,032,183","339.00","343.00","333.00","334.50","-5.00","2,227",
"2023/09/13","3,165,148","1,041,734,459","333.00","334.50","325.50","329.50","-5.00","2,905",
"2023/09/14","1,845,014","607,358,661","330.00","332.50","324.00","330.00","+0.50","1,755",
"2023/09/15","2,779,228","930,479,202","334.50","341.50","330.50","332.50","+2.50","2,329",
"2023/09/18","2,536,567","825,564,257","333.00","334.50","321.50","326.00","-6.50","2,969",
"2023/09/19","2,732,591","874,626,837","326.50","326.50","318.00","319.00","-7.00","2,632",
"2023/09/20","1,486,040","475,578,280","322.00","324.00","317.00","318.00","-1.00","2,157",
"2023/09/21","1,855,255","589,775,967","316.00","321.00","313.50","319.50","+1.50","2,556",
"2023/09/22","2,453,630","799,475,191","318.00","328.50","316.50","328.00","+8.50","6,108",
"2023/09/25","1,109,671","365,204,124","331.50","332.50","326.50","326.50","-1.50","1,117",
"2023/09/26","911,262","294,448,869","326.50","326.50","320.50","321.50","-5.00","922",
"2023/09/27","1,826,038","601,686,936","322.50","332.50","321.00","331.00","+9.50","1,945",
"2023/09/28","2,594,159","871,229,308","333.50","339.00","328.50","336.00","+5.00","2,429",
"Remarks:"
" Symbols for Direction:+/-/ X represent Up/Down/Not compared.
"
"Today statistics cover regular trading, Odd-lot, After-hour Fixed Price, Block trading, but exclude Auction and Tender offers."
"If the last digit of the 6 digit alphanumeric ETF security code is K, M, S or C, it is traded in foreign currency."

